41.09,186.62,46.760000000000005,0.00229609917,0.00229609917,0.00229609917
51.730000000000004,195.51000000000002,8.120000000000001,0.00229609917,0.00229609917,0.00229609917
47.11000000000001,246.47000000000003,36.400000000000006,0.00229609917,0.00229609917,0.00229609917
39.480000000000004,253.61,40.18000000000001,0.00229609917,0.00229609917,0.00229609917
71.33000000000001,328.09000000000003,32.690000000000005,-3.271482097416001,-0.395847496908,0.26507491371601916
11.55,302.75000000000006,34.720000000000006,-5.013027395877601,-0.395847496908,0.26507491371601916
63.07000000000001,337.26000000000005,-2.24,-5.013027395877601,-0.395847496908,0.26507491371601916
41.720000000000006,190.96,11.13,-5.013027395877601,-0.395847496908,0.26507491371601916
18.900000000000002,125.23000000000002,-36.190000000000005,-5.013027395877601,-0.395847496908,0.26507491371601916
15.47,-53.830000000000005,24.220000000000002,-5.013027395877601,-0.40374607805280005,-2.847926524802389
-22.19,-229.60000000000002,47.46000000000001,-4.307205070906201,-0.466435096031808,-4.727667103597434
-19.810000000000002,-427.84000000000003,26.67,-3.3356066909677202,-0.466435096031808,-6.277993698154461
-72.87,-469.56000000000006,6.16,-2.5252732414954036,-0.48459622057232055,-8.056827908120678
-65.66000000000001,-392.70000000000005,-54.32000000000001,-2.5252732414954036,-0.41028980793596476,-8.056827908120678
-45.99,-391.58000000000004,-35.910000000000004,-2.5252732414954036,-0.48459622057232055,-8.056827908120678
-43.82000000000001,-365.89000000000004,-22.750000000000004,-2.5252732414954036,-0.4964882179753924,-8.056827908120678
-38.36000000000001,-291.90000000000003,8.540000000000001,-2.5252732414954036,-0.5146446924332354,-8.056827908120678
-0.77,-188.37,-39.34,-3.477869515413242,-0.6210563025799413,-6.73920868184098
33.81,-64.96000000000001,-25.480000000000004,-3.992006631372473,-0.8642837813255788,-2.8559827183805884
-3.2900000000000005,-38.50000000000001,-28.210000000000004,-3.992006631372473,-1.2294425718273474,0.01858758281964755
-6.370000000000001,-1.61,-6.790000000000001,-3.992006631372473,-1.436167358700245,3.0263899797357885
-1.8900000000000001,57.89000000000001,8.82,-3.992006631372473,-1.4705803981604089,5.742163568541473
12.110000000000001,81.41000000000001,22.96,-3.992006631372473,-1.581757114932147,7.598482319820884
36.120000000000005,246.05,38.50000000000001,-3.585501788551484,-1.6064141608997222,8.389901247120532
52.010000000000005,338.73,27.37,-3.3130717105323164,-1.6064141608997222,9.479873581453136
96.53000000000002,350.70000000000005,7.5600000000000005,-3.3130717105323164,-1.6064141608997222,9.479873581453136
56.56,299.25000000000006,-13.72,-3.3130717105323164,-1.6064141608997222,9.479873581453136
41.09,297.08000000000004,-9.31,-3.3130717105323164,-1.6064141608997222,9.479873581453136
30.310000000000002,287.0,-40.81,-3.3130717105323164,-1.312855570379833,9.479873581453136
23.8,363.37000000000006,-23.1,-4.16913723781939,-1.1707026837838999,6.8672006825838805
5.180000000000001,345.94000000000005,-32.13,-5.478145306679634,-0.8459295286413465,4.347175007546329
1.8200000000000003,275.8,-30.730000000000004,-5.478145306679634,-0.8459295286413465,2.233581619983797
10.780000000000001,164.15,-17.430000000000003,-5.478145306679634,-0.8459295286413465,0.14617740359027828
-0.6300000000000001,95.55000000000001,-14.560000000000002,-5.478145306679634,-0.8459295286413465,-1.762949488865833
-23.240000000000002,-33.11000000000001,9.590000000000002,-5.478145306679634,-0.8459295286413465,-4.860109918839499
6.44,-165.27,45.150000000000006,-4.377005165540592,-0.8729601015173655,-6.4235870433957
-10.57,-351.61,52.290000000000006,-3.315951289992355,-0.8847228504344193,-7.9228399552774205
-35.35,-255.43000000000004,13.020000000000001,-2.236302611500935,-0.8847228504344193,-8.828820780082452
-43.190000000000005,-344.40000000000003,18.41,-2.236302611500935,-0.8873817565155908,-8.87203227044588
-59.78000000000001,-292.74,17.430000000000003,-2.236302611500935,-0.8873817565155908,-8.87203227044588
-55.93000000000001,-320.81,15.260000000000002,-2.236302611500935,-0.8847228504344193,-8.87203227044588
-55.650000000000006,-352.17,-20.44,-2.236302611500935,-0.8789223444326516,-8.87203227044588
-55.720000000000006,-343.35,-25.69,-4.095263691564561,-0.8729601015173655,-8.87203227044588
-68.11,-348.46000000000004,-18.900000000000002,-5.041189385306907,-0.7170009330025755,-6.789049072395527
-33.88,-161.00000000000003,3.9200000000000004,-5.041189385306907,-0.7170009330025755,-5.110347828609317
-12.040000000000001,-77.14,-23.310000000000002,-5.041189385306907,-0.7170009330025755,-2.71077254564959
-4.970000000000001,-36.400000000000006,-7.5600000000000005,-5.041189385306907,-0.7170009330025755,0.8689370505662459
6.090000000000001,4.970000000000001,0.49000000000000005,-5.041189385306907,-0.7170009330025755,3.018599687631748
18.060000000000002,107.45000000000002,21.840000000000003,-4.385841219160144,-1.0960693191015454,6.460301411995049
65.52000000000001,278.53000000000003,52.50000000000001,-3.770369919816087,-1.5420989917449275,8.15151750173703
74.27000000000001,336.00000000000006,31.150000000000002,-3.571202413810121,-1.594416337198943,9.65393861929022
78.75000000000001,348.53000000000003,-9.100000000000001,-3.571202413810121,-1.594416337198943,9.65393861929022
72.66000000000001,318.99,2.5900000000000003,-3.571202413810121,-1.594416337198943,9.65393861929022
62.160000000000004,381.50000000000006,-34.440000000000005,-3.571202413810121,-1.594416337198943,9.65393861929022
62.86000000000001,381.50000000000006,-37.31,-3.571202413810121,-1.594416337198943,9.65393861929022
39.27,337.26000000000005,-55.230000000000004,-4.189005028590072,-1.1357455375793657,7.800340727413715
22.470000000000002,328.23,-42.910000000000004,-5.052142183821731,-1.1357455375793657,5.41771148985223
42.56,253.47000000000003,-51.03000000000001,-5.052142183821731,-1.0846325054210046,3.249708454243337
7.07,152.81,-29.540000000000003,-5.052142183821731,-1.0846325054210046,0.2828570751260024
4.970000000000001,63.56000000000001,-36.260000000000005,-5.052142183821731,-1.0846325054210046,-2.0822998208603987
-27.580000000000002,-27.650000000000002,30.800000000000004,-5.052142183821731,-1.0846325054210046,-5.77177681774824
-7.280000000000001,-163.24,39.410000000000004,-2.636356253053039,-1.186243333688341,-7.240608445132945
-4.760000000000001,-297.43,54.46000000000001,-1.8564272125638233,-1.4810489631246029,-8.941155605419766
-27.720000000000002,-309.40000000000003,49.910000000000004,-1.381282404345456,-1.5590903355147616,-9.591352715387861
-31.290000000000003,-328.65000000000003,-7.5600000000000005,-1.381282404345456,-1.5590903355147616,-9.591352715387861
-30.17,-299.25000000000006,-1.61,-1.381282404345456,-1.5590903355147616,-9.591352715387861
-33.88,-333.41,0.6300000000000001,-1.381282404345456,-1.5590903355147616,-9.591352715387861
-69.79,-394.17,19.39,-1.381282404345456,-1.5590903355147616,-9.591352715387861
-90.09,-388.85,-20.3,-2.084276468763274,-1.3228187173339483,-8.300607047905457
-64.96000000000001,-335.65000000000003,-28.630000000000003,-4.218044448565965,-1.321465048163247,-6.581204570067274
-72.80000000000001,-206.50000000000003,-19.6,-4.563267086839877,-1.321465048163247,-4.797360995272364
-39.13,-127.82000000000001,-9.38,-4.563267086839877,-1.321465048163247,-2.909643545875418
-34.300000000000004,-61.60000000000001,-0.21000000000000002,-4.563267086839877,-1.321465048163247,0.13242299353474898
-6.300000000000001,-3.1500000000000004,8.610000000000001,-4.563267086839877,-1.3228187173339483,3.43359546365685
26.250000000000004,82.53,7.7700000000000005,-4.563267086839877,-1.8820975068892702,6.42550102019811
71.68,269.36,27.930000000000003,-4.091519994083956,-1.986162714377562,7.6209032509188654
86.24000000000001,324.52000000000004,20.160000000000004,-3.1903672521656645,-2.398810782554364,9.450021838955701
74.97000000000001,278.67,21.35,-3.1903672521656645,-2.398810782554364,9.450021838955701
56.35000000000001,298.69000000000005,7.840000000000001,-3.1903672521656645,-2.398810782554364,9.450021838955701
65.52000000000001,355.67,-16.59,-3.1903672521656645,-2.398810782554364,9.450021838955701
47.88,394.03000000000003,-19.250000000000004,-3.1903672521656645,-2.398810782554364,9.450021838955701
45.71,377.65000000000003,-27.860000000000003,-4.111128037155399,-1.770843189680618,7.718133563013421
21.000000000000004,353.01000000000005,-41.720000000000006,-4.782353211918765,-1.2985449084843708,5.816585749196053
1.8200000000000003,251.72000000000003,-14.980000000000002,-4.782353211918765,-1.2402720744235718,3.922536533145632
5.6000000000000005,176.12,-42.42,-4.782353211918765,-1.2402720744235718,1.881443930535379
-10.080000000000002,48.440000000000005,1.4000000000000001,-4.782353211918765,-1.2185383317132858,-1.726562569490773
-12.81,-72.52000000000001,23.03,-4.782353211918765,-1.2185383317132858,-4.0272955403704636
7.630000000000001,-223.72000000000003,24.430000000000003,-3.4057806932632593,-1.1965702134503828,-6.0993203929022775
-20.090000000000003,-317.17,52.50000000000001,-1.8533514046819553,-1.1965702134503828,-8.098411151185367
-14.000000000000002,-377.37000000000006,-14.63,-1.8533514046819553,-1.2185383317132858,-9.028762783431219
-37.800000000000004,-347.76000000000005,-7.98,-1.8533514046819553,-1.2185383317132858,-9.028762783431219
-48.09,-333.13000000000005,9.940000000000001,-1.8533514046819553,-1.2185383317132858,-9.028762783431219
-46.06,-409.85,-18.270000000000003,-1.8533514046819553,-1.1965702134503828,-9.028762783431219
-89.74000000000001,-428.40000000000003,-9.520000000000001,-1.9326081310074226,-1.1946600391224274,-9.028762783431219
-99.61000000000001,-369.81000000000006,-37.660000000000004,-3.1525789581644537,-1.1946600391224274,-7.6529793603208995
-77.84,-202.79000000000002,-9.450000000000001,-3.795805845212429,-1.1946600391224274,-5.41195423971654
-49.28,-130.97,-3.08,-3.795805845212429,-1.1946600391224274,-3.555768272277924
-9.38,-44.660000000000004,4.130000000000001,-3.795805845212429,-1.246339702026138,-0.971634783346754
-4.130000000000001,2.1700000000000004,15.120000000000001,-3.795805845212429,-1.4543030768774567,2.385416136967948
